H------------------------------------------------------------------------------------------------
Wavelength| Frequency| Intensity|    v'    |    v''   |     S    |     E'   | Note               
 air, nm  |10^{14} Hz|          |          |          |          | 10^{-20}J|                    
-------------------------------------------------------------------------------------------------
  327.7428      9.145       0.00          0          0  5.59E+001     11.511 R3 55-54
  328.0327      9.137       0.00          0          0  5.59E+001     11.102 R2 55-54
  328.0447      9.136       0.00          0          0  5.49E+001     11.108 R3 54-53
  328.3154      9.129       0.01          0          0  5.59E+001     10.699 R1 55-54
  328.3287      9.128       0.01          0          0  5.49E+001     10.705 R2 54-53
  328.3410      9.128       0.01          0          0  5.39E+001     10.711 R3 53-52
  328.6055      9.121       0.01          0          0  5.49E+001     10.309 R1 54-53
  328.6191      9.120       0.01          0          0  5.39E+001     10.316 R2 53-52
  328.6316      9.120       0.01          0          0  5.29E+001     10.322 R3 52-51
  328.8899      9.113       0.02          0          0  5.39E+001      9.927 R1 53-52
  328.9038      9.112       0.01          0          0  5.29E+001      9.934 R2 52-51
  328.9166      9.112       0.01          0          0  5.19E+001      9.940 R3 51-50
  329.1687      9.105       0.02          0          0  5.29E+001      9.552 R1 52-51
  329.1829      9.105       0.02          0          0  5.19E+001      9.559 R2 51-50
  329.1960      9.104       0.02          0          0  5.09E+001      9.565 R3 50-49
  329.4420      9.097       0.04          0          0  5.19E+001      9.184 R1 51-50
  329.4565      9.097       0.04          0          0  5.09E+001      9.191 R2 50-49
  329.4699      9.097       0.03          0          0  4.99E+001      9.198 R3 49-48
  329.7098      9.090       0.05          0          0  5.09E+001      8.824 R1 50-49
  329.7246      9.090       0.05          0          0  4.99E+001      8.831 R2 49-48
  329.7383      9.089       0.05          0          0  4.89E+001      8.837 R3 48-47
  329.9721      9.083       0.08          0          0  4.99E+001      8.470 R1 49-48
  329.9873      9.082       0.08          0          0  4.88E+001      8.477 R2 48-47
  330.0012      9.082       0.08          0          0  4.79E+001      8.484 R3 47-46
  330.2291      9.076       0.12          0          0  4.89E+001      8.124 R1 48-47
  330.2446      9.075       0.12          0          0  4.78E+001      8.131 R2 47-46
  330.2588      9.075       0.11          0          0  4.69E+001      8.138 R3 46-45
  330.4807      9.069       0.18          0          0  4.79E+001      7.785 R1 47-46
  330.4965      9.068       0.17          0          0  4.68E+001      7.792 R2 46-45
  330.5111      9.068       0.17          0          0  4.59E+001      7.799 R3 45-44
  330.7269      9.062       0.26          0          0  4.69E+001      7.453 R1 46-45
  330.7432      9.062       0.25          0          0  4.58E+001      7.461 R2 45-44
  330.7581      9.061       0.24          0          0  4.49E+001      7.468 R3 44-43
  330.9679      9.055       0.37          0          0  4.59E+001      7.128 R1 45-44
  330.9846      9.055       0.36          0          0  4.48E+001      7.136 R2 44-43
  330.9998      9.055       0.35          0          0  4.39E+001      7.143 R3 43-42
  331.2037      9.049       0.54          0          0  4.49E+001      6.811 R1 44-43
  331.2208      9.049       0.52          0          0  4.38E+001      6.819 R2 43-42
  331.2364      9.048       0.50          0          0  4.29E+001      6.826 R3 42-41
  331.4343      9.043       0.76          0          0  4.39E+001      6.501 R1 43-42
  331.4518      9.042       0.73          0          0  4.28E+001      6.509 R2 42-41
  331.4678      9.042       0.71          0          0  4.19E+001      6.516 R3 41-40
  331.6597      9.037       1.07          0          0  4.29E+001      6.198 R1 42-41
  331.6777      9.036       1.03          0          0  4.18E+001      6.206 R2 41-40
  331.6941      9.036       1.00          0          0  4.09E+001      6.214 R3 40-39
  331.8800      9.031       1.49          0          0  4.19E+001      5.902 R1 41-40
  331.8986      9.030       1.43          0          0  4.08E+001      5.911 R2 40-39
  331.9153      9.030       1.39          0          0  3.99E+001      5.918 R3 39-38
  332.0953      9.025       2.05          0          0  4.09E+001      5.613 R1 40-39
  332.1144      9.024       1.97          0          0  3.98E+001      5.622 R2 39-38
  332.1316      9.024       1.91          0          0  3.89E+001      5.630 R3 38-37
  332.3056      9.019       2.80          0          0  3.99E+001      5.332 R1 39-38
  332.3252      9.019       2.70          0          0  3.88E+001      5.341 R2 38-37
  332.3428      9.018       2.60          0          0  3.79E+001      5.349 R3 37-36
  332.5109      9.013       3.80          0          0  3.89E+001      5.058 R1 38-37
  332.5310      9.013       3.65          0          0  3.78E+001      5.067 R2 37-36
  332.5491      9.012       3.52          0          0  3.69E+001      5.075 R3 36-35
  332.7112      9.008       5.09          0          0  3.79E+001      4.791 R1 37-36
  332.7319      9.007       4.89          0          0  3.68E+001      4.800 R2 36-35
  332.7506      9.007       4.71          0          0  3.59E+001      4.809 R3 35-34
  332.9067      9.003       6.77          0          0  3.69E+001      4.531 R1 36-35
  332.9280      9.002       6.49          0          0  3.58E+001      4.541 R2 35-34
  332.9472      9.002       6.25          0          0  3.49E+001      4.550 R3 34-33
  333.0972      8.998       8.91          0          0  3.59E+001      4.278 R1 35-34
  333.1192      8.997       8.53          0          0  3.48E+001      4.288 R2 34-33
  333.1389      8.996       8.21          0          0  3.38E+001      4.297 R3 33-32
  333.2829      8.993      11.63          0          0  3.49E+001      4.033 R1 34-33
  333.3056      8.992      11.11          0          0  3.38E+001      4.043 R2 33-32
  333.3259      8.991      10.68          0          0  3.28E+001      4.053 R3 32-31
  333.4639      8.988      15.03          0          0  3.39E+001      3.794 R1 33-32
  333.4873      8.987      14.33          0          0  3.28E+001      3.805 R2 32-31
  333.5082      8.987      13.76          0          0  3.18E+001      3.815 R3 31-30
  333.6400      8.983      19.23          0          0  3.29E+001      3.563 R1 32-31
  333.6642      8.982      18.32          0          0  3.18E+001      3.575 R2 31-30
  333.6858      8.982      17.56          0          0  3.08E+001      3.584 R3 30-29
  333.8114      8.978      24.38          0          0  3.19E+001      3.340 R1 31-30
  333.8364      8.978      23.18          0          0  3.08E+001      3.351 R2 30-29
  333.8587      8.977      22.19          0          0  2.98E+001      3.361 R3 29-28
  333.9781      8.974      30.61          0          0  3.09E+001      3.123 R1 30-29
  334.0040      8.973      29.05          0          0  2.98E+001      3.135 R2 29-28
  334.0270      8.973      27.78          0          0  2.88E+001      3.145 R3 28-27
  334.1401      8.970      38.07          0          0  2.99E+001      2.913 R1 29-28
  334.1669      8.969      36.06          0          0  2.88E+001      2.926 R2 28-27
  334.1907      8.968      34.42          0          0  2.78E+001      2.937 R3 27-26
  334.2974      8.965      46.88          0          0  2.89E+001      2.711 R1 28-27
  334.3253      8.965      44.31          0          0  2.77E+001      2.724 R2 27-26
  334.3498      8.964      42.23          0          0  2.68E+001      2.735 R3 26-25
  334.4501      8.961      57.17          0          0  2.79E+001      2.516 R1 27-26
  334.4790      8.960      53.91          0          0  2.67E+001      2.529 R2 26-25
  334.5044      8.960      51.28          0          0  2.58E+001      2.541 R3 25-24
  334.5982      8.957      69.02          0          0  2.69E+001      2.328 R1 26-25
  334.6282      8.956      64.93          0          0  2.57E+001      2.342 R2 25-24
  334.6546      8.956      61.65          0          0  2.48E+001      2.354 R3 24-23
  334.7417      8.953      82.51          0          0  2.59E+001      2.147 R1 25-24
  334.7729      8.953      77.41          0          0  2.47E+001      2.162 R2 24-23
  334.8003      8.952      73.35          0          0  2.38E+001      2.174 R3 23-22
  334.8806      8.950      97.64          0          0  2.49E+001      1.974 R1 24-23
  334.9132      8.949      91.35          0          0  2.37E+001      1.989 R2 23-22
  334.9415      8.948      86.35          0          0  2.28E+001      2.001 R3 22-21
  335.0150      8.946     114.38          0          0  2.39E+001      1.807 R1 23-22
  335.0489      8.945     106.66          0          0  2.27E+001      1.823 R2 22-21
  335.0784      8.944     100.58          0          0  2.18E+001      1.836 R3 21-20
  335.1449      8.943     132.60          0          0  2.29E+001      1.648 R1 22-21
  335.1802      8.942     123.23          0          0  2.17E+001      1.665 R2 21-20
  335.2110      8.941     115.87          0          0  2.07E+001      1.678 R3 20-19
  335.2702      8.939     152.11          0          0  2.19E+001      1.496 R1 21-20
  335.3071      8.938     140.84          0          0  2.07E+001      1.513 R2 20-19
  335.3392      8.937     132.02          0          0  1.97E+001      1.527 R3 19-18
  335.3910      8.936     172.65          0          0  2.09E+001      1.351 R1 20-19
  335.4296      8.935     159.19          0          0  1.97E+001      1.369 R2 19-18
  335.4631      8.934     148.71          0          0  1.87E+001      1.384 R3 18-17
  335.5073      8.933     193.84          0          0  1.99E+001      1.213 R1 19-18
  335.5477      8.932     177.91          0          0  1.87E+001      1.232 R2 18-17
  335.5828      8.931     165.56          0          0  1.77E+001      1.248 R3 17-16
  335.6192      8.930     215.24          0          0  1.89E+001      1.083 R1 18-17
  335.6615      8.929     196.54          0          0  1.77E+001      1.103 R2 17-16
  335.6983      8.928     182.10          0          0  1.67E+001      1.119 R3 16-15
  335.7265      8.927     236.30          0          0  1.79E+001      0.959 R1 17-16
  335.7709      8.926     214.54          0          0  1.67E+001      0.980 R2 16-15
  335.8096      8.925     197.80          0          0  1.57E+001      0.997 R3 15-14
  335.8294      8.924     256.41          0          0  1.69E+001      0.843 R1 16-15
  335.8760      8.923     231.33          0          0  1.56E+001      0.865 R2 15-14
  335.9167      8.922     212.05          0          0  1.47E+001      0.883 R3 14-13
  335.9279      8.922     274.92          0          0  1.59E+001      0.733 R1 15-14
  335.9767      8.920     246.26          0          0  1.46E+001      0.757 R2 14-13
  336.0197      8.919     224.22          0          0  1.36E+001      0.776 R3 13-12
  336.0218      8.919     291.13          0          0  1.49E+001      0.631 R1 14-13
  336.0731      8.918     258.68          0          0  1.36E+001      0.656 R2 13-12
  336.1114      8.917     304.34          0          0  1.39E+001      0.536 R1 13-12
  336.1186      8.917     233.65          0          0  1.26E+001      0.676 R3 12-11
  336.1652      8.915     267.93          0          0  1.26E+001      0.563 R2 12-11
  336.1965      8.915     313.87          0          0  1.29E+001      0.448 R1 12-11
  336.2134      8.914     239.69          0          0  1.16E+001      0.584 R3 11-10
  336.2530      8.913     273.41          0          0  1.16E+001      0.477 R2 11-10
  336.2772      8.913     319.11          0          0  1.19E+001      0.367 R1 11-10
  336.3042      8.912     241.72          0          0  1.06E+001      0.499 R3 10-9
  336.3364      8.911     274.58          0          0  1.06E+001      0.398 R2 10-9
  336.3536      8.911     319.53          0          0  1.09E+001      0.293 R1 10-9
  336.3909      8.910     239.20          0          0  9.53E+000      0.422 R3 9-8
  336.4154      8.909     271.00          0          0  9.63E+000      0.326 R2 9-8
  336.4255      8.909     314.72          0          0  9.90E+000      0.226 R1 9-8
  336.4736      8.907     231.65          0          0  8.49E+000      0.351 R3 8-7
  336.4900      8.907     262.38          0          0  8.63E+000      0.262 R2 8-7
  336.4933      8.907     304.42          0          0  8.91E+000      0.166 R1 8-7
  336.5522      8.905     218.73          0          0  7.44E+000      0.289 R3 7-6
  336.5568      8.905     288.53          0          0  7.93E+000      0.112 R1 7-6
  336.5602      8.905     248.56          0          0  7.64E+000      0.205 R2 7-6
  336.6162      8.904     267.11          0          0  6.94E+000      0.066 R1 6-5
  336.6260      8.903     229.53          0          0  6.64E+000      0.155 R2 6-5
  336.6267      8.903     200.15          0          0  6.38E+000      0.234 R3 6-5
  336.6716      8.902     240.39          0          0  5.96E+000      0.026 R1 5-4
  336.6873      8.902     205.41          0          0  5.65E+000      0.112 R2 5-4
  336.6969      8.901     175.73          0          0  5.29E+000      0.187 R3 5-4
