H------------------------------------------------------------------------------------------------
Wavelength| Frequency| Intensity|    v'    |    v''   |     S    |     E'   | Note               
 air, nm  |10^{14} Hz|          |          |          |          | 10^{-20}J|                    
-------------------------------------------------------------------------------------------------
  759.3695      3.947       1.10          0          0  1.51E+001      2.561 RQ 30-30
  759.3695      3.947       1.53          0          0  1.41E+001      2.237 RQ 28-28
  759.3850      3.947       0.78          0          0  1.61E+001      2.907 RQ 32-32
  759.3997      3.947       2.04          0          0  1.31E+001      1.935 RQ 26-26
  759.4507      3.946       2.64          0          0  1.21E+001      1.654 RQ 24-24
  759.4974      3.946       1.06          0          0  1.45E+001      2.561 RR 30-29
  759.4974      3.946       1.46          0          0  1.35E+001      2.237 RR 28-27
  759.5235      3.946       1.94          0          0  1.25E+001      1.935 RR 26-25
  759.5235      3.946       3.31          0          0  1.11E+001      1.396 RQ 22-22
  759.5768      3.946       2.51          0          0  1.15E+001      1.654 RR 24-23
  759.6228      3.946       4.01          0          0  1.01E+001      1.159 RQ 20-20
  759.6503      3.945       3.13          0          0  1.05E+001      1.396 RR 22-21
  759.7438      3.945       3.76          0          0  9.50E+000      1.159 RR 20-19
  759.7438      3.945       4.69          0          0  9.13E+000      0.944 RQ 18-18
  759.8650      3.944       4.36          0          0  8.50E+000      0.944 RR 18-17
  759.8847      3.944       5.26          0          0  8.13E+000      0.751 RQ 16-16
  760.0066      3.944       4.85          0          0  7.50E+000      0.751 RR 16-15
  760.0493      3.943       5.67          0          0  7.13E+000      0.580 RQ 14-14
  760.1697      3.943       5.17          0          0  6.50E+000      0.580 RR 14-13
  760.2363      3.942       5.83          0          0  6.13E+000      0.431 RQ 12-12
  760.3556      3.942       5.23          0          0  5.50E+000      0.431 RR 12-11
  760.4453      3.941       5.68          0          0  5.13E+000      0.304 RQ 10-10
  760.5635      3.941       4.98          0          0  4.50E+000      0.304 RR 10-9
  760.6767      3.940       5.18          0          0  4.13E+000      0.199 RQ 8-8
  760.7933      3.939       4.39          0          0  3.50E+000      0.199 RR 8-7
  760.9302      3.939       4.33          0          0  3.13E+000      0.116 RQ 6-6
  761.0455      3.938       3.46          0          0  2.50E+000      0.116 RR 6-5
  761.2060      3.937       3.17          0          0  2.13E+000      0.055 RQ 4-4
  761.3194      3.937       2.23          0          0  1.50E+000      0.055 RR 4-3
  761.5061      3.936       1.75          0          0  1.13E+000      0.017 RQ 2-2
  761.6146      3.935       0.78          0          0  5.00E-001      0.017 RR 2-1
  762.0996      3.933       1.39          0          0  8.75E-001      0.000 PP 0-1
  762.3288      3.932       2.33          0          0  1.50E+000      0.017 PQ 2-2
  762.4500      3.931       2.91          0          0  1.88E+000      0.017 PP 2-3
  762.7054      3.930       3.69          0          0  2.50E+000      0.055 PQ 4-4
  762.8225      3.929       4.25          0          0  2.88E+000      0.055 PP 4-5
  763.1016      3.928       4.80          0          0  3.50E+000      0.116 PQ 6-6
  763.2168      3.927       5.31          0          0  3.88E+000      0.116 PP 6-7
  763.5192      3.925       5.57          0          0  4.50E+000      0.199 PQ 8-8
  763.6328      3.925       6.03          0          0  4.88E+000      0.199 PP 8-9
  763.9585      3.923       5.98          0          0  5.50E+000      0.304 PQ 10-10
  764.0707      3.923       6.39          0          0  5.88E+000      0.304 PP 10-11
  764.4200      3.921       6.05          0          0  6.50E+000      0.431 PQ 12-12
  764.5312      3.920       6.40          0          0  6.88E+000      0.431 PP 12-13
  764.9035      3.918       5.82          0          0  7.50E+000      0.580 PQ 14-14
  765.0135      3.918       6.10          0          0  7.88E+000      0.580 PP 14-15
  765.4094      3.916       5.35          0          0  8.50E+000      0.751 PQ 16-16
  765.5182      3.915       5.58          0          0  8.88E+000      0.751 PP 16-17
  765.9370      3.913       4.72          0          0  9.50E+000      0.944 PQ 18-18
  766.0454      3.912       4.91          0          0  9.88E+000      0.944 PP 18-19
  766.4872      3.910       4.01          0          0  1.05E+001      1.159 PQ 20-20
  766.5944      3.910       4.16          0          0  1.09E+001      1.159 PP 20-21
  767.0600      3.907       3.29          0          0  1.15E+001      1.396 PQ 22-22
  767.1670      3.907       3.40          0          0  1.19E+001      1.396 PP 22-23
  767.6563      3.904       2.61          0          0  1.25E+001      1.654 PQ 24-24
  767.7618      3.904       2.69          0          0  1.29E+001      1.654 PP 24-25
  768.2756      3.901       2.00          0          0  1.35E+001      1.935 PQ 26-26
  768.3800      3.901       2.06          0          0  1.39E+001      1.935 PP 26-27
  768.9177      3.898       1.49          0          0  1.45E+001      2.237 PQ 28-28
  769.0217      3.897       1.53          0          0  1.49E+001      2.237 PP 28-29
  769.5836      3.894       1.07          0          0  1.55E+001      2.561 PQ 30-30
  769.6868      3.894       1.10          0          0  1.59E+001      2.561 PP 30-31
  770.2739      3.891       0.75          0          0  1.65E+001      2.907 PQ 32-32
  770.3759      3.890       0.77          0          0  1.69E+001      2.907 PP 32-33
  770.9871      3.887       0.51          0          0  1.75E+001      3.274 PQ 34-34
  771.0874      3.887       0.52          0          0  1.79E+001      3.274 PP 34-35
  771.7251      3.884       0.34          0          0  1.85E+001      3.662 PQ 36-36
  771.8257      3.883       0.34          0          0  1.89E+001      3.662 PP 36-37
  772.4880      3.880       0.21          0          0  1.95E+001      4.072 PQ 38-38
  772.5862      3.879       0.22          0          0  1.99E+001      4.072 PP 38-39
  773.2746      3.876       0.13          0          0  2.05E+001      4.503 PQ 40-40
  773.3738      3.875       0.14          0          0  2.09E+001      4.503 PP 40-41
