H------------------------------------------------------------------------------------------------
Wavelength| Frequency| Intensity|    v'    |    v''   |     S    |     E'   | Note               
 air, nm  |10^{14} Hz|          |          |          |          | 10^{-20}J|                    
-------------------------------------------------------------------------------------------------
  762.0996      3.933       1.39          0          0  8.75E-001      0.000 PP 0-1
  762.4000      3.931       5.24          0          0  3.38E+000      0.017 PPPQ 2
  762.7725      3.929       7.94          0          0  5.38E+000      0.055 PPPQ 4
  763.1668      3.927      10.10          0          0  7.38E+000      0.116 PPPQ 6
  763.5828      3.925      11.60          0          0  9.38E+000      0.199 PPPQ 8
  764.0207      3.923      12.37          0          0  1.14E+001      0.304 PPPQ 10
  764.4812      3.920      12.44          0          0  1.34E+001      0.431 PPPQ 12
  764.9635      3.918      11.92          0          0  1.54E+001      0.580 PPPQ 14
  765.4682      3.915      10.93          0          0  1.74E+001      0.751 PPPQ 16
  765.9954      3.913       9.63          0          0  1.94E+001      0.944 PPPQ 18
  766.5444      3.910       8.17          0          0  2.14E+001      1.159 PPPQ 20
  767.1170      3.907       6.69          0          0  2.34E+001      1.396 PPPQ 22
  767.7118      3.904       5.30          0          0  2.54E+001      1.654 PPPQ 24
  768.3300      3.901       4.06          0          0  2.74E+001      1.935 PPPQ 26
  768.9717      3.898       3.02          0          0  2.94E+001      2.237 PPPQ 28
  769.6368      3.894       2.17          0          0  3.14E+001      2.561 PPPQ 30
  770.3259      3.891       1.52          0          0  3.34E+001      2.907 PPPQ 32
  771.0374      3.887       1.03          0          0  3.54E+001      3.274 PPPQ 34
  771.7757      3.883       0.68          0          0  3.74E+001      3.662 PPPQ 36
  772.5362      3.880       0.43          0          0  3.94E+001      4.072 PPPQ 38
  773.3238      3.876       0.27          0          0  4.14E+001      4.503 PPPQ 40
