                nm	               Cts	
      550.00000000	    43934.02734375	
      550.02801514	    43939.51562500	
      550.05603027	    43964.95312500	
      550.08398438	    43958.53906250	
      550.11199951	    43901.78906250	
      550.14001465	    43860.18750000	
      550.16802979	    43877.56250000	
      550.19598389	    43887.59765625	
      550.22399902	    43847.81640625	
      550.25201416	    43801.62890625	
      550.28002930	    43868.45703125	
      550.30798340	    43886.21484375	
      550.33599854	    43959.51953125	
      550.36401367	    43910.20703125	
      550.39202881	    43818.50000000	
      550.41998291	    43860.71484375	
      550.44799805	    43836.35156250	
      550.47601318	    43805.73828125	
      550.50402832	    43698.57421875	
      550.53198242	    43778.38281250	
      550.55999756	    43753.96484375	
      550.58801270	    43835.53515625	
      550.61602783	    43742.39062500	
      550.64398193	    43744.68750000	
      550.67199707	    43800.90625000	
      550.70001221	    43810.01562500	
      550.72802734	    43818.34375000	
      550.75598145	    43811.26171875	
      550.78399658	    43790.42187500	
      550.81201172	    43777.27734375	
      550.84002686	    43748.11718750	
      550.86798096	    43690.52343750	
      550.89599609	    43628.73437500	
      550.92401123	    43577.09765625	
      550.95202637	    43544.13671875	
      550.97998047	    43547.98437500	
      551.00799561	    43568.10546875	
      551.03601074	    43569.20312500	
      551.06402588	    43552.87890625	
      551.09197998	    43529.78515625	
      551.11999512	    43555.16796875	
      551.14801025	    43568.78515625	
      551.17602539	    43520.07812500	
      551.20397949	    43508.65234375	
      551.23199463	    43535.41406250	
      551.26000977	    43486.72265625	
      551.28802490	    43493.04687500	
      551.31597900	    43544.50390625	
      551.34399414	    43449.58984375	
      551.37200928	    43403.58984375	
      551.40002441	    43537.81250000	
      551.42797852	    43473.84765625	
      551.45599365	    43476.89843750	
      551.48400879	    43467.18359375	
      551.51202393	    43423.80859375	
      551.53997803	    43443.55859375	
      551.56799316	    43514.42187500	
      551.59600830	    43499.33203125	
      551.62402344	    43433.14062500	
      551.65197754	    43424.51953125	
      551.67999268	    43451.14453125	
      551.70800781	    43439.99609375	
      551.73602295	    43408.08593750	
      551.76397705	    43395.10546875	
      551.79199219	    43368.04296875	
      551.82000732	    43388.18359375	
      551.84802246	    43476.18359375	
      551.87597656	    43548.93750000	
      551.90399170	    43539.44140625	
      551.93200684	    43499.60156250	
      551.96002197	    43423.44140625	
      551.98797607	    43374.91406250	
      552.01599121	    43423.37109375	
      552.04400635	    43420.20703125	
      552.07202148	    43512.33203125	
      552.09997559	    43509.82421875	
      552.12799072	    43483.93750000	
      552.15600586	    43483.35156250	
      552.18402100	    43510.95312500	
      552.21197510	    43454.85546875	
      552.23999023	    43460.13671875	
      552.26800537	    43399.36328125	
      552.29602051	    43442.01953125	
      552.32397461	    43437.86328125	
      552.35198975	    43446.85937500	
      552.38000488	    43531.23437500	
      552.40802002	    43559.64453125	
      552.43597412	    43557.16796875	
      552.46398926	    43657.30468750	
      552.49200439	    43718.93750000	
      552.52001953	    43620.03125000	
      552.54797363	    43490.73046875	
      552.57598877	    43403.00390625	
      552.60400391	    43364.64062500	
      552.63201904	    43325.53125000	
      552.65997314	    43307.75000000	
      552.68798828	    43343.12500000	
      552.71600342	    43351.77343750	
      552.74401855	    43289.92578125	
      552.77197266	    43309.63281250	
      552.79998779	    43330.68359375	
      552.82800293	    43337.04687500	
      552.85601807	    43276.76953125	
      552.88397217	    43245.31640625	
      552.91198730	    43328.19140625	
      552.94000244	    43349.39062500	
      552.96801758	    43268.95312500	
      552.99597168	    43248.50000000	
      553.02398682	    43302.75781250	
      553.05200195	    43330.44921875	
      553.08001709	    43347.65625000	
      553.10797119	    43328.18359375	
      553.13598633	    43313.04296875	
      553.16400146	    43345.10546875	
      553.19201660	    43273.54296875	
      553.21997070	    43220.55859375	
      553.24798584	    43205.09765625	
      553.27600098	    43218.91015625	
      553.30401611	    43237.18359375	
      553.33197021	    43224.08984375	
      553.35998535	    43248.17187500	
      553.38800049	    43255.49218750	
      553.41601563	    43200.76953125	
      553.44396973	    43117.99609375	
      553.47198486	    43202.76562500	
      553.50000000	    43219.88671875	
      553.52801514	    43294.57812500	
      553.55603027	    43336.75390625	
      553.58398438	    43327.95312500	
      553.61199951	    43326.54687500	
      553.64001465	    43356.87109375	
      553.66802979	    43324.71093750	
      553.69598389	    43294.54687500	
      553.72399902	    43241.68750000	
      553.75201416	    43313.33203125	
      553.78002930	    43369.17187500	
      553.80798340	    43378.94140625	
      553.83599854	    43383.43359375	
      553.86401367	    43381.36718750	
      553.89202881	    43372.30078125	
      553.91998291	    43352.30468750	
      553.94799805	    43340.65234375	
      553.97601318	    43330.94140625	
      554.00402832	    43313.56640625	
      554.03198242	    43330.29296875	
      554.05999756	    43379.23437500	
      554.08801270	    43406.74609375	
      554.11602783	    43407.67968750	
      554.14398193	    43440.76562500	
      554.17199707	    43488.36718750	
      554.20001221	    43454.96875000	
      554.22802734	    43376.07812500	
      554.25598145	    43339.66015625	
      554.28399658	    43301.20703125	
      554.31201172	    43186.24218750	
      554.34002686	    43170.35546875	
      554.36798096	    43151.30859375	
      554.39599609	    43171.29296875	
      554.42401123	    43224.72656250	
      554.45202637	    43236.19140625	
      554.47998047	    43352.14453125	
      554.50799561	    43195.20312500	
      554.53601074	    43313.49218750	
      554.56402588	    43247.88671875	
      554.59197998	    43224.27734375	
      554.61999512	    43276.78125000	
      554.64801025	    43237.28906250	
      554.67602539	    43247.88671875	
      554.70397949	    43282.81640625	
      554.73199463	    43263.23046875	
      554.76000977	    43245.00390625	
      554.78802490	    43271.68750000	
      554.81597900	    43252.37500000	
      554.84399414	    43223.12500000	
      554.87200928	    43246.09765625	
      554.90002441	    43273.06250000	
      554.92797852	    43277.42968750	
      554.95599365	    43267.04687500	
      554.98400879	    43227.79296875	
      555.01202393	    43201.19140625	
      555.03997803	    43240.78515625	
      555.06799316	    43271.05468750	
      555.09600830	    43229.66796875	
      555.12402344	    43199.28515625	
      555.15197754	    43208.93750000	
      555.17999268	    43248.44140625	
      555.20800781	    43278.55859375	
      555.23602295	    43215.69140625	
      555.26397705	    43306.96875000	
      555.29199219	    43252.68750000	
      555.32000732	    43276.52343750	
      555.34802246	    43313.60937500	
      555.37597656	    43271.72656250	
      555.40399170	    43266.89062500	
      555.43200684	    43290.47656250	
      555.46002197	    43308.17968750	
      555.48797607	    43287.26171875	
      555.51599121	    43299.94921875	
      555.54400635	    43318.55078125	
      555.57202148	    43291.21484375	
      555.59997559	    43273.98437500	
      555.62799072	    43362.08203125	
      555.65600586	    43399.10156250	
      555.68402100	    43378.41406250	
      555.71197510	    43355.71875000	
      555.73999023	    43360.92968750	
      555.76800537	    43395.74218750	
      555.79602051	    43389.19921875	
      555.82397461	    43396.87500000	
      555.85198975	    43452.13281250	
      555.88000488	    43488.58593750	
      555.90802002	    43418.56640625	
      555.93597412	    43350.05078125	
      555.96398926	    43344.31250000	
      555.99200439	    43376.39843750	
      556.02001953	    43272.31640625	
      556.04797363	    43210.45703125	
      556.07598877	    43240.57421875	
      556.10400391	    43242.36328125	
      556.13201904	    43286.48828125	
      556.15997314	    43225.89453125	
      556.18798828	    43160.32031250	
      556.21600342	    43207.41015625	
      556.24401855	    43207.37500000	
      556.27197266	    43225.29687500	
      556.29998779	    43262.93750000	
      556.32800293	    43277.45703125	
      556.35601807	    43278.55078125	
      556.38397217	    43194.91796875	
      556.41198730	    43202.80468750	
      556.44000244	    43268.79296875	
      556.46801758	    43278.62890625	
      556.49597168	    43234.47265625	
      556.52398682	    43190.17968750	
      556.55200195	    43184.90234375	
      556.58001709	    43214.65625000	
      556.60797119	    43239.62109375	
      556.63598633	    43238.34765625	
      556.66400146	    43232.12109375	
      556.69201660	    43217.52734375	
      556.71997070	    43182.76562500	
      556.74798584	    43106.98828125	
      556.77600098	    43125.03515625	
      556.80401611	    43150.45312500	
      556.83197021	    43220.25781250	
      556.85998535	    43162.33984375	
      556.88800049	    43242.52343750	
      556.91601563	    43257.27734375	
      556.94396973	    43272.25000000	
      556.97198486	    43276.64062500	
      557.00000000	    43220.77343750	
      557.02801514	    43210.04687500	
      557.05603027	    43199.90234375	
      557.08398438	    43209.66015625	
      557.11199951	    43212.46875000	
      557.14001465	    43262.93359375	
      557.16802979	    43343.82031250	
      557.19598389	    43342.93750000	
      557.22399902	    43289.60937500	
      557.25201416	    43273.99218750	
      557.28002930	    43298.71484375	
      557.30798340	    43324.41796875	
      557.33599854	    43349.42968750	
      557.36401367	    43355.57031250	
      557.39202881	    43303.60546875	
      557.41998291	    43274.94140625	
      557.44799805	    43340.29296875	
      557.47601318	    43375.35546875	
      557.50402832	    43339.05859375	
      557.53198242	    43300.18359375	
      557.55999756	    43382.05078125	
      557.58801270	    43495.36328125	
      557.61602783	    43536.06250000	
      557.64398193	    43416.83593750	
      557.67199707	    43218.01953125	
      557.70001221	    43206.38671875	
      557.72802734	    43117.50000000	
      557.75598145	    43233.91015625	
      557.78399658	    43206.77343750	
      557.81201172	    43241.69921875	
      557.84002686	    43209.38281250	
      557.86798096	    43186.62890625	
      557.89599609	    43165.10156250	
      557.92401123	    43166.04687500	
      557.95202637	    43162.35937500	
      557.97998047	    43162.49218750	
      558.00799561	    43191.26953125	
      558.03601074	    43199.94531250	
      558.06402588	    43194.33593750	
      558.09197998	    43191.82031250	
      558.11999512	    43209.65625000	
      558.14801025	    43238.87890625	
      558.17602539	    43256.96093750	
      558.20397949	    43238.69531250	
      558.23199463	    43196.26562500	
      558.26000977	    43182.49218750	
      558.28802490	    43176.91796875	
      558.31597900	    43180.74218750	
      558.34399414	    43207.02343750	
      558.37200928	    43219.83203125	
      558.40002441	    43196.09375000	
      558.42797852	    43164.80859375	
      558.45599365	    43210.13281250	
      558.48400879	    43238.80468750	
      558.51202393	    43173.88671875	
      558.53997803	    43179.82031250	
      558.56799316	    43143.65234375	
      558.59600830	    43156.05468750	
      558.62402344	    43163.94531250	
      558.65197754	    43197.52343750	
      558.67999268	    43263.91796875	
      558.70800781	    43237.76171875	
      558.73602295	    43235.16796875	
      558.76397705	    43269.26562500	
      558.79199219	    43293.85156250	
      558.82000732	    43297.58203125	
      558.84802246	    43319.66015625	
      558.87597656	    43313.62890625	
      558.90399170	    43282.84765625	
      558.93200684	    43296.66406250	
      558.96002197	    43295.64843750	
      558.98797607	    43287.33984375	
      559.01599121	    43313.85156250	
      559.04400635	    43296.41796875	
      559.07202148	    43297.21484375	
      559.09997559	    43373.03125000	
      559.12799072	    43391.10546875	
      559.15600586	    43390.54296875	
      559.18402100	    43430.89843750	
      559.21197510	    43348.56640625	
      559.23999023	    43403.08593750	
      559.26800537	    43603.94140625	
      559.29602051	    43485.45312500	
      559.32397461	    43402.93750000	
      559.35198975	    43294.75390625	
      559.38000488	    43175.61328125	
      559.40802002	    43163.20312500	
      559.43597412	    43213.95703125	
      559.46398926	    43217.42968750	
      559.49200439	    43264.60156250	
      559.52001953	    43270.64062500	
      559.54797363	    43210.07812500	
      559.57598877	    43178.03906250	
      559.60400391	    43181.87890625	
      559.63201904	    43234.37890625	
      559.65997314	    43215.92187500	
      559.68798828	    43162.12890625	
      559.71600342	    43159.25390625	
      559.74401855	    43177.67578125	
      559.77197266	    43168.71093750	
      559.79998779	    43149.53125000	
      559.82800293	    43140.72265625	
      559.85601807	    43136.83593750	
      559.88397217	    43179.95312500	
      559.91198730	    43270.10937500	
      559.94000244	    43256.90234375	
      559.96801758	    43159.72656250	
      559.99597168	    43169.54296875	
      560.02398682	    43135.75781250	
      560.05200195	    43177.80468750	
      560.08001709	    43115.83593750	
      560.10797119	    43201.93750000	
      560.13598633	    43209.56640625	
      560.16400146	    43098.14062500	
      560.19201660	    43158.01953125	
      560.21997070	    43002.78125000	
      560.24798584	    43048.87500000	
      560.27600098	    43007.87500000	
      560.30401611	    43129.03125000	
      560.33197021	    43174.64453125	
      560.35998535	    43197.62890625	
      560.38800049	    43193.14453125	
      560.41601563	    43253.39843750	
      560.44403076	    43290.64453125	
      560.47198486	    43264.02734375	
      560.50000000	    43255.07421875	
      560.52801514	    43281.23437500	
      560.55603027	    43289.36328125	
      560.58398438	    43250.57421875	
      560.61199951	    43203.23046875	
      560.64001465	    43229.45312500	
      560.66802979	    43288.65625000	
      560.69598389	    43274.23046875	
      560.72399902	    43229.98437500	
      560.75201416	    43171.13671875	
      560.78002930	    43147.68750000	
      560.80798340	    43253.30468750	
      560.83599854	    43319.10156250	
      560.86401367	    43279.36328125	
      560.89202881	    43320.40625000	
      560.91998291	    43386.23437500	
      560.94799805	    43328.55468750	
      560.97601318	    43305.83593750	
      561.00402832	    43256.00781250	
      561.03198242	    43173.84765625	
      561.05999756	    43098.58593750	
      561.08801270	    43154.57812500	
      561.11602783	    43138.10546875	
      561.14398193	    43125.76562500	
      561.17199707	    43103.99218750	
      561.20001221	    43063.10937500	
      561.22802734	    43141.92968750	
      561.25598145	    43153.54296875	
      561.28399658	    43145.60156250	
      561.31201172	    43142.98046875	
      561.34002686	    43169.78515625	
      561.36798096	    43158.44921875	
      561.39599609	    43144.98046875	
      561.42401123	    43135.50000000	
      561.45202637	    43122.53515625	
      561.47998047	    43110.75000000	
      561.50799561	    43050.56250000	
      561.53601074	    43067.67187500	
      561.56402588	    43057.19531250	
      561.59197998	    43145.04687500	
      561.61999512	    43153.80859375	
      561.64801025	    43098.86328125	
      561.67602539	    43044.89062500	
      561.70397949	    43070.26953125	
      561.73199463	    43063.08203125	
      561.76000977	    43126.84765625	
      561.78802490	    43122.16015625	
      561.81597900	    43145.24218750	
      561.84399414	    43103.62500000	
      561.87200928	    43077.36328125	
      561.90002441	    42994.29687500	
      561.92797852	    42976.71484375	
      561.95599365	    43045.22265625	
      561.98400879	    43179.16796875	
      562.01202393	    43243.83593750	
      562.03997803	    43182.57421875	
      562.06799316	    43152.22656250	
      562.09600830	    43168.73046875	
      562.12402344	    43160.30078125	
      562.15197754	    43116.73046875	
      562.17999268	    43088.96875000	
      562.20800781	    43124.39062500	
      562.23602295	    43153.12500000	
      562.26397705	    43133.19140625	
      562.29199219	    43152.45312500	
      562.32000732	    43177.36718750	
      562.34802246	    43129.33593750	
      562.37597656	    43130.02734375	
      562.40399170	    43190.80859375	
      562.43200684	    43194.18750000	
      562.46002197	    43216.05468750	
      562.48797607	    43288.49218750	
      562.51599121	    43267.61328125	
      562.54400635	    43263.25781250	
      562.57202148	    43324.01953125	
      562.59997559	    43268.64453125	
      562.62799072	    43368.60937500	
      562.65600586	    43313.71093750	
      562.68402100	    43250.54296875	
      562.71197510	    43275.54296875	
      562.73999023	    43186.47656250	
      562.76800537	    43162.17187500	
      562.79602051	    43147.99609375	
      562.82397461	    43108.80468750	
      562.85198975	    43085.08984375	
      562.88000488	    43128.27343750	
      562.90802002	    43107.86328125	
      562.93597412	    43103.56640625	
      562.96398926	    43184.83984375	
      562.99200439	    43209.23046875	
      563.02001953	    43144.50000000	
      563.04797363	    43054.89453125	
      563.07598877	    43025.09375000	
      563.10400391	    43082.81250000	
      563.13201904	    43109.19140625	
      563.15997314	    43122.78515625	
      563.18798828	    43148.58593750	
      563.21600342	    43163.46093750	
      563.24401855	    43168.00781250	
      563.27197266	    43139.97656250	
      563.29998779	    43113.62890625	
      563.32800293	    43140.79687500	
      563.35601807	    43155.45312500	
      563.38397217	    43138.35937500	
      563.41198730	    43158.80859375	
      563.44000244	    43178.33203125	
      563.46801758	    43167.03906250	
      563.49597168	    43125.74609375	
      563.52398682	    43036.06250000	
      563.55200195	    43020.78906250	
      563.58001709	    43073.13281250	
      563.60797119	    43094.94921875	
      563.63598633	    43192.47265625	
      563.66400146	    43207.25781250	
      563.69201660	    43173.30859375	
      563.71997070	    43114.35546875	
      563.74798584	    43155.25000000	
      563.77600098	    43212.90234375	
      563.80401611	    43235.81250000	
      563.83197021	    43206.91015625	
      563.85998535	    43122.68359375	
      563.88800049	    43118.00781250	
      563.91601563	    43180.66796875	
      563.94403076	    43159.64453125	
      563.97198486	    43173.51953125	
      564.00000000	    43286.03906250	
      564.02801514	    43207.63671875	
      564.05603027	    43213.80468750	
      564.08398438	    43164.08203125	
      564.11199951	    43194.85546875	
      564.14001465	    43287.89453125	
      564.16802979	    43194.18750000	
      564.19598389	    43220.05859375	
      564.22399902	    43250.79296875	
      564.25201416	    43258.93750000	
      564.28002930	    43279.16406250	
      564.30798340	    43340.71875000	
      564.33599854	    43380.45312500	
      564.36401367	    43389.65625000	
      564.39202881	    43300.10546875	
      564.41998291	    43185.91796875	
      564.44799805	    43112.26562500	
      564.47601318	    43096.41015625	
      564.50402832	    43085.99609375	
      564.53198242	    43100.80468750	
      564.55999756	    43120.41796875	
      564.58801270	    43113.13671875	
      564.61602783	    43091.86328125	
      564.64398193	    43084.33203125	
      564.67199707	    43103.25000000	
      564.70001221	    43100.41406250	
      564.72802734	    43041.87109375	
      564.75598145	    43010.46093750	
      564.78399658	    43044.70312500	
      564.81201172	    43061.79296875	
      564.84002686	    43053.44921875	
      564.86798096	    43061.24218750	
      564.89599609	    43049.05468750	
      564.92401123	    43054.25000000	
      564.95202637	    43106.12500000	
      564.97998047	    43056.02734375	
      565.00799561	    43011.16015625	
      565.03601074	    43044.19140625	
      565.06402588	    43034.73046875	
      565.09197998	    42989.70703125	
      565.11999512	    43055.55859375	
      565.14801025	    43132.16406250	
      565.17602539	    43092.56640625	
      565.20397949	    43062.94921875	
      565.23199463	    43030.52734375	
      565.26000977	    43103.98437500	
      565.28802490	    43044.99218750	
      565.31597900	    43022.47656250	
      565.34399414	    43075.65625000	
      565.37200928	    43085.76953125	
      565.40002441	    43103.11718750	
      565.42797852	    43132.45703125	
      565.45599365	    43138.98437500	
      565.48400879	    43188.02343750	
      565.51202393	    43201.07421875	
      565.53997803	    43137.08984375	
      565.56799316	    43134.89843750	
      565.59600830	    43112.33593750	
      565.62402344	    43094.61328125	
      565.65197754	    43159.49218750	
      565.67999268	    43206.19921875	
      565.70800781	    43254.59765625	
      565.73602295	    43266.92187500	
      565.76397705	    43152.62109375	
      565.79199219	    43176.64062500	
      565.82000732	    43184.87500000	
      565.84802246	    43233.49609375	
      565.87597656	    43202.34375000	
      565.90399170	    43204.33593750	
      565.93200684	    43220.39843750	
      565.96002197	    43231.80859375	
      565.98797607	    43262.09765625	
      566.01599121	    43335.94140625	
      566.04400635	    43366.69531250	
      566.07202148	    43301.75781250	
      566.09997559	    43196.10937500	
      566.12799072	    43145.46484375	
      566.15600586	    43172.88281250	
      566.18402100	    43122.17968750	
      566.21197510	    43025.33203125	
      566.23999023	    43003.15625000	
      566.26800537	    43019.67968750	
      566.29602051	    43055.71484375	
      566.32397461	    43101.62500000	
      566.35198975	    43088.63671875	
      566.38000488	    43049.86718750	
      566.40802002	    43035.53125000	
      566.43597412	    43013.13281250	
      566.46398926	    42997.01171875	
      566.49200439	    43080.29687500	
      566.52001953	    43056.67187500	
      566.54797363	    43011.83984375	
      566.57598877	    43117.41406250	
      566.60400391	    43161.48046875	
      566.63201904	    43191.85546875	
      566.65997314	    43058.34375000	
      566.68798828	    43109.01171875	
      566.71600342	    43057.70312500	
      566.74401855	    42995.55859375	
      566.77197266	    43096.18750000	
      566.79998779	    43136.41796875	
      566.82800293	    43141.17187500	
      566.85601807	    43175.59375000	
      566.88397217	    43091.21875000	
      566.91198730	    43074.27734375	
      566.94000244	    43081.91406250	
      566.96801758	    43040.61718750	
      566.99597168	    43000.32421875	
      567.02398682	    43040.89453125	
      567.05200195	    43089.40234375	
      567.08001709	    43068.71093750	
      567.10797119	    43090.23828125	
      567.13598633	    43156.14843750	
      567.16400146	    43130.12500000	
      567.19201660	    43103.98046875	
      567.21997070	    43157.73046875	
      567.24798584	    43162.34375000	
      567.27600098	    43151.56640625	
      567.30401611	    43163.52734375	
      567.33197021	    43192.20703125	
      567.35998535	    43218.05859375	
      567.38800049	    43231.58203125	
      567.41601563	    43178.91015625	
      567.44403076	    43140.34765625	
      567.47198486	    43116.64062500	
      567.50000000	    43119.71875000	
      567.52801514	    43191.60156250	
      567.55603027	    43196.28515625	
      567.58398438	    43156.94921875	
      567.61199951	    43189.00781250	
      567.64001465	    43251.49609375	
      567.66802979	    43267.76953125	
      567.69598389	    43293.71875000	
      567.72399902	    43347.32031250	
      567.75201416	    43327.38671875	
      567.78002930	    43275.32812500	
      567.80798340	    43196.56250000	
      567.83599854	    43085.98437500	
      567.86401367	    43094.41406250	
      567.89202881	    43184.93750000	
      567.91998291	    43180.07421875	
      567.94799805	    43140.17578125	
      567.97601318	    43151.72656250	
      568.00402832	    43137.86328125	
      568.03198242	    43097.98437500	
      568.05999756	    43108.13281250	
      568.08801270	    43170.56640625	
      568.11602783	    43148.10156250	
      568.14398193	    43149.41015625	
      568.17199707	    43167.14843750	
      568.20001221	    43125.75000000	
      568.22802734	    43119.97265625	
      568.25598145	    43099.69921875	
      568.28399658	    43084.73046875	
      568.31201172	    43047.50000000	
      568.34002686	    43001.95703125	
      568.36798096	    43132.47265625	
      568.39599609	    43084.21093750	
      568.42401123	    43061.04296875	
      568.45202637	    42999.67968750	
      568.47998047	    43031.44921875	
      568.50799561	    43006.86328125	
      568.53601074	    43047.85937500	
      568.56402588	    43053.68359375	
      568.59197998	    43033.30468750	
      568.61999512	    43027.00000000	
      568.64801025	    43017.33984375	
      568.67602539	    43022.60937500	
      568.70397949	    43051.97656250	
      568.73199463	    43089.75390625	
      568.76000977	    43111.52734375	
      568.78802490	    43106.53906250	
      568.81597900	    43114.44531250	
      568.84399414	    43117.71093750	
      568.87200928	    43068.82421875	
      568.90002441	    43062.44140625	
      568.92797852	    43087.37890625	
      568.95599365	    43047.60156250	
      568.98400879	    43072.89062500	
      569.01202393	    43055.68359375	
      569.03997803	    43095.27343750	
      569.06799316	    43129.82031250	
      569.09600830	    43164.91015625	
      569.12402344	    43132.15234375	
      569.15197754	    43157.90234375	
      569.17999268	    43216.35546875	
      569.20800781	    43177.20703125	
      569.23602295	    43156.65234375	
      569.26397705	    43170.45312500	
      569.29199219	    43199.26562500	
      569.32000732	    43165.67578125	
      569.34802246	    43176.12500000	
      569.37597656	    43285.88671875	
      569.40399170	    43321.69140625	
      569.43200684	    43266.30078125	
      569.46002197	    43184.84375000	
      569.48797607	    43128.77343750	
      569.51599121	    43142.44531250	
      569.54400635	    43174.55078125	
      569.57202148	    43195.63281250	
      569.59997559	    43214.95312500	
      569.62799072	    43156.62500000	
      569.65600586	    43071.28515625	
      569.68402100	    43086.39843750	
      569.71197510	    43128.80468750	
      569.73999023	    43113.15234375	
      569.76800537	    43078.02343750	
      569.79602051	    43064.14843750	
      569.82397461	    43085.64062500	
      569.85198975	    43043.30468750	
      569.88000488	    43122.41015625	
      569.90802002	    43080.26171875	
      569.93597412	    43087.83593750	
      569.96398926	    43140.57812500	
      569.99200439	    43019.61718750	
      570.02001953	    43085.69531250	
      570.04797363	    43084.40625000	
      570.07598877	    43096.71093750	
      570.10400391	    43212.03906250	
      570.13201904	    43248.36718750	
      570.15997314	    43289.62109375	
      570.18798828	    43152.80078125	
      570.21600342	    43041.52343750	
      570.24401855	    42968.17968750	
      570.27197266	    42944.86328125	
      570.29998779	    43048.74609375	
      570.32800293	    43089.71484375	
      570.35601807	    43028.53906250	
      570.38397217	    43020.83203125	
      570.41198730	    43076.59375000	
      570.44000244	    43100.09765625	
      570.46801758	    43027.37890625	
      570.49597168	    43061.44140625	
      570.52398682	    43063.61328125	
      570.55200195	    43057.09765625	
      570.58001709	    43112.52734375	
      570.60797119	    42988.73046875	
      570.63598633	    43118.53515625	
      570.66400146	    43165.91796875	
      570.69201660	    43134.75390625	
      570.71997070	    43075.94531250	
      570.74798584	    43125.91796875	
      570.77600098	    43135.16796875	
      570.80401611	    43153.00390625	
      570.83197021	    43116.96093750	
      570.85998535	    43088.26171875	
      570.88800049	    43097.65625000	
      570.91601563	    43164.35937500	
      570.94403076	    43232.30078125	
      570.97198486	    43266.20703125	
      571.00000000	    43256.95703125	
      571.02801514	    43234.50781250	
      571.05603027	    43260.41015625	
      571.08398438	    43287.42968750	
      571.11199951	    43285.52734375	
      571.14001465	    43226.50000000	
      571.16802979	    43122.97265625	
      571.19598389	    43070.79296875	
      571.22399902	    43065.02734375	
      571.25201416	    43054.29687500	
      571.28002930	    43068.38281250	
      571.30798340	    43070.95312500	
      571.33599854	    43052.00390625	
      571.36401367	    43072.46484375	
      571.39202881	    43082.35156250	
      571.41998291	    43048.10156250	
      571.44799805	    42999.73437500	
      571.47601318	    42991.77343750	
      571.50402832	    43031.57031250	
      571.53198242	    43008.84765625	
      571.55999756	    42995.37500000	
      571.58801270	    42991.26953125	
      571.61602783	    42984.06250000	
      571.64398193	    42993.41796875	
      571.67199707	    42977.84375000	
      571.70001221	    42972.61718750	
      571.72802734	    42985.85546875	
      571.75598145	    42985.41406250	
      571.78399658	    43015.87109375	
      571.81201172	    43007.59375000	
      571.84002686	    42984.00000000	
      571.86798096	    42965.02734375	
      571.89599609	    42947.94921875	
      571.92401123	    42951.81640625	
      571.95202637	    42947.75781250	
      571.97998047	    42925.83984375	
      572.00799561	    42940.37109375	
      572.03601074	    42978.71875000	
      572.06402588	    42963.34375000	
      572.09197998	    42956.21875000	
      572.11999512	    43078.93750000	
      572.14801025	    43141.24218750	
      572.17602539	    43053.82031250	
      572.20397949	    43052.11328125	
      572.23199463	    42951.28906250	
      572.26000977	    43036.99609375	
      572.28802490	    42992.64453125	
      572.31597900	    43027.61328125	
      572.34399414	    43121.73046875	
      572.37200928	    43135.01953125	
      572.40002441	    43128.08203125	
      572.42797852	    43149.43750000	
      572.45599365	    43000.62500000	
      572.48400879	    42967.92578125	
      572.51202393	    43043.14062500	
      572.53997803	    43059.72656250	
      572.56799316	    43105.56640625	
      572.59600830	    43126.20312500	
      572.62402344	    43063.64843750	
      572.65197754	    43099.16406250	
      572.67999268	    43164.00781250	
      572.70800781	    43186.28906250	
      572.73602295	    43191.94531250	
      572.76397705	    43198.42578125	
      572.79199219	    43181.80468750	
      572.82000732	    43089.57421875	
      572.84802246	    43003.32421875	
      572.87597656	    43037.35937500	
      572.90399170	    43084.80468750	
      572.93200684	    43049.75000000	
      572.96002197	    42976.32421875	
      572.98797607	    42953.71093750	
      573.01599121	    42991.22656250	
      573.04400635	    42927.16406250	
      573.07202148	    42925.87890625	
      573.09997559	    42937.39453125	
      573.12799072	    42990.10937500	
      573.15600586	    42983.96093750	
      573.18402100	    42935.08984375	
      573.21197510	    42973.66796875	
      573.23999023	    43010.01562500	
      573.26800537	    42986.15234375	
      573.29602051	    42931.83203125	
      573.32397461	    42923.18750000	
      573.35198975	    42953.77343750	
      573.38000488	    42976.57031250	
      573.40802002	    42973.37500000	
      573.43597412	    42922.43359375	
      573.46398926	    42861.79296875	
      573.49200439	    42873.96875000	
      573.52001953	    42944.50781250	
      573.54797363	    43004.39453125	
      573.57598877	    43044.93750000	
      573.60400391	    43026.50390625	
      573.63201904	    42970.03515625	
      573.65997314	    42955.06640625	
      573.68798828	    42941.14843750	
      573.71600342	    42922.27734375	
      573.74401855	    42919.24218750	
      573.77197266	    42944.71875000	
      573.79998779	    42953.95312500	
      573.82800293	    42949.60546875	
      573.85601807	    42963.34765625	
      573.88397217	    43045.41796875	
      573.91198730	    43015.69140625	
      573.94000244	    43011.78125000	
      573.96801758	    43058.09765625	
      573.99597168	    43017.14843750	
      574.02398682	    43052.97265625	
      574.05200195	    43014.24609375	
      574.08001709	    43019.60546875	
      574.10797119	    43048.12500000	
      574.13598633	    43090.38281250	
      574.16400146	    43058.13671875	
      574.19201660	    43057.53906250	
      574.21997070	    43113.42968750	
      574.24798584	    43075.33203125	
      574.27600098	    43088.17578125	
      574.30401611	    43099.86718750	
      574.33203125	    43024.53515625	
      574.35998535	    43040.66796875	
      574.38800049	    43158.45312500	
      574.41601563	    43238.69531250	
      574.44403076	    43252.85546875	
      574.47198486	    43205.55078125	
      574.50000000	    43142.71484375	
      574.52801514	    43062.32031250	
      574.55603027	    42932.73046875	
      574.58398438	    42915.48437500	
      574.61199951	    42977.86718750	
      574.64001465	    42921.45312500	
      574.66802979	    42955.14453125	
      574.69598389	    43014.08984375	
      574.72399902	    42971.87500000	
      574.75201416	    42982.49609375	
      574.78002930	    43020.67578125	
      574.80798340	    43079.39453125	
      574.83599854	    43061.26562500	
      574.86401367	    43000.63281250	
      574.89202881	    43054.30078125	
      574.91998291	    42986.39453125	
      574.94799805	    42999.53515625	
      574.97601318	    43006.01562500	
      575.00402832	    43041.75390625	
      575.03198242	    43050.35156250	
      575.05999756	    43022.05078125	
      575.08801270	    42992.89062500	
      575.11602783	    42980.64062500	
      575.14398193	    42952.94140625	
      575.17199707	    42862.07421875	
      575.20001221	    42834.07031250	
      575.22802734	    42906.10156250	
      575.25598145	    42966.68359375	
      575.28399658	    43008.73437500	
      575.31201172	    43002.06250000	
      575.34002686	    42942.13281250	
      575.36798096	    42931.49218750	
      575.39599609	    42950.31640625	
      575.42401123	    42920.99218750	
      575.45202637	    42902.74609375	
      575.47998047	    42931.33593750	
      575.50799561	    43000.18359375	
      575.53601074	    42943.51562500	
      575.56402588	    42948.64453125	
      575.59197998	    43042.38671875	
      575.61999512	    42983.73046875	
      575.64801025	    42964.46093750	
      575.67602539	    43018.77343750	
      575.70397949	    43040.02343750	
      575.73199463	    43060.48046875	
      575.76000977	    43072.37890625	
      575.78802490	    43057.66406250	
      575.81597900	    43055.98437500	
      575.84399414	    43060.89453125	
      575.87200928	    43077.26953125	
      575.90002441	    43087.22656250	
      575.92797852	    43086.19531250	
      575.95599365	    43076.17968750	
      575.98400879	    43054.09375000	
      576.01202393	    43075.44921875	
      576.03997803	    43158.74218750	
      576.06799316	    43208.74609375	
      576.09600830	    43210.07031250	
      576.12402344	    43234.67187500	
      576.15197754	    43215.98437500	
      576.17999268	    43109.25781250	
      576.20800781	    43030.69921875	
      576.23602295	    42994.09375000	
      576.26397705	    43013.33593750	
      576.29199219	    43027.44921875	
      576.32000732	    43037.30078125	
      576.34802246	    42961.98828125	
      576.37597656	    42926.75000000	
      576.40399170	    42932.77343750	
      576.43200684	    42958.84765625	
      576.46002197	    42894.21093750	
      576.48797607	    42980.19140625	
      576.51599121	    42958.60937500	
      576.54400635	    42894.33203125	
      576.57202148	    42929.73046875	
      576.59997559	    42978.65234375	
      576.62799072	    42893.75781250	
      576.65600586	    42866.49609375	
      576.68402100	    42869.60546875	
      576.71197510	    42926.04296875	
      576.73999023	    42955.26953125	
      576.76800537	    42901.11718750	
      576.79602051	    42876.57031250	
      576.82397461	    42954.55859375	
      576.85198975	    42967.32421875	
      576.88000488	    42910.43750000	
      576.90802002	    42915.53125000	
      576.93597412	    42918.36328125	
      576.96398926	    42948.62109375	
      576.99200439	    42933.62890625	
      577.02001953	    42964.13281250	
      577.04797363	    43025.00390625	
      577.07598877	    42848.27343750	
      577.10400391	    42898.05859375	
      577.13201904	    42967.55078125	
      577.15997314	    42946.32031250	
      577.18798828	    43051.12500000	
      577.21600342	    42992.09375000	
      577.24401855	    43006.64062500	
      577.27197266	    43134.35546875	
      577.29998779	    43053.96875000	
      577.32800293	    43036.56640625	
      577.35601807	    43007.93359375	
      577.38397217	    43008.59375000	
      577.41198730	    43026.14062500	
      577.44000244	    43062.34375000	
      577.46801758	    43023.89453125	
      577.49597168	    43018.49218750	
      577.52398682	    43047.88671875	
      577.55200195	    43054.95312500	
      577.58001709	    43058.23046875	
      577.60797119	    43064.58203125	
      577.63598633	    43083.05078125	
      577.66400146	    43088.75000000	
      577.69201660	    43087.04296875	
      577.71997070	    43104.55859375	
      577.74798584	    43120.97265625	
      577.77600098	    43153.63671875	
      577.80401611	    43124.55468750	
      577.83203125	    43088.34375000	
      577.85998535	    43023.93359375	
      577.88800049	    42900.50781250	
      577.91601563	    42874.37109375	
      577.94403076	    42916.33203125	
      577.97198486	    42961.26562500	
      578.00000000	    43019.71875000	
      578.02801514	    43003.72656250	
      578.05603027	    42906.75781250	
      578.08398438	    42909.56250000	
      578.11199951	    42889.87890625	
      578.14001465	    42877.07031250	
      578.16802979	    42901.17578125	
      578.19598389	    42909.21484375	
      578.22399902	    42892.17578125	
      578.25201416	    42892.70703125	
      578.28002930	    42945.51953125	
      578.30798340	    42987.76953125	
      578.33599854	    42955.37500000	
      578.36401367	    42914.89843750	
      578.39202881	    42911.62109375	
      578.41998291	    42888.74609375	
      578.44799805	    42863.02343750	
      578.47601318	    42885.99218750	
      578.50402832	    42914.64453125	
      578.53198242	    42928.66406250	
      578.55999756	    42950.28125000	
      578.58801270	    42935.17968750	
      578.61602783	    42895.13671875	
      578.64398193	    42899.96484375	
      578.67199707	    42915.52734375	
      578.70001221	    42905.65234375	
      578.72802734	    42880.16796875	
      578.75598145	    42875.03515625	
      578.78399658	    42939.81640625	
      578.81201172	    42991.23437500	
      578.84002686	    42999.16015625	
      578.86798096	    43009.16406250	
      578.89599609	    43063.44140625	
      578.92401123	    43027.86328125	
      578.95202637	    43006.33593750	
      578.97998047	    42970.70312500	
      579.00799561	    42946.50781250	
      579.03601074	    42927.88281250	
      579.06402588	    42925.15625000	
      579.09197998	    42991.21484375	
      579.11999512	    43019.64062500	
      579.14801025	    43075.37500000	
      579.17602539	    43067.67578125	
      579.20397949	    43010.38281250	
      579.23199463	    43028.87890625	
      579.26000977	    43050.14062500	
      579.28802490	    43057.42187500	
      579.31597900	    43051.23437500	
      579.34399414	    43047.17187500	
      579.37200928	    43124.10937500	
      579.40002441	    43160.34765625	
      579.42797852	    43237.08984375	
      579.45599365	    43210.62890625	
      579.48400879	    43209.62500000	
      579.51202393	    43118.24218750	
      579.53997803	    43074.09375000	
      579.56799316	    43008.71875000	
      579.59600830	    42991.87109375	
      579.62402344	    43025.87500000	
      579.65197754	    42982.76562500	
      579.67999268	    42964.47265625	
      579.70800781	    42895.62500000	
      579.73602295	    42930.89453125	
      579.76397705	    42913.52343750	
      579.79199219	    42975.71093750	
      579.82000732	    42971.93359375	
      579.84802246	    42931.07421875	
      579.87597656	    42898.25781250	
      579.90399170	    42947.49609375	
      579.93200684	    42979.67578125	
      579.96002197	    43028.17968750	
      579.98797607	    42926.18359375	
      580.01599121	    42838.53515625	
      580.04400635	    42775.68359375	
      580.07202148	    42782.10156250	
      580.09997559	    42730.09375000	
      580.12799072	    42712.93750000	
      580.15600586	    42733.64843750	
      580.18402100	    42768.33203125	
      580.21197510	    42779.01953125	
      580.23999023	    42653.12500000	
      580.26800537	    42629.53125000	
      580.29602051	    42958.49218750	
      580.32397461	    42842.01562500	
      580.35198975	    42698.37890625	
      580.38000488	    42687.57031250	
      580.40802002	    42675.17578125	
      580.43597412	    42617.07812500	
      580.46398926	    42633.20312500	
      580.49200439	    42624.96093750	
      580.52001953	    42590.82031250	
      580.54797363	    42595.85156250	
      580.57598877	    42584.61718750	
      580.60400391	    42553.76562500	
      580.63201904	    42592.29687500	
      580.65997314	    42733.21093750	
      580.68798828	    42630.40234375	
      580.71600342	    42504.73828125	
      580.74401855	    42499.53515625	
      580.77197266	    42524.20703125	
      580.79998779	    42356.29687500	
      580.82800293	    42405.04296875	
      580.85601807	    42359.73437500	
      580.88397217	    42459.12109375	
      580.91198730	    42538.74609375	
      580.94000244	    42491.48437500	
      580.96801758	    42450.76953125	
      580.99597168	    42662.50781250	
      581.02398682	    42750.56250000	
      581.05200195	    42629.05859375	
      581.08001709	    42544.97265625	
      581.10797119	    42482.82031250	
      581.13598633	    42420.50390625	
      581.16400146	    42347.50781250	
      581.19201660	    42377.98437500	
      581.21997070	    42467.28515625	
      581.24798584	    42417.25781250	
      581.27600098	    42393.47265625	
      581.30401611	    42359.57812500	
      581.33203125	    42389.50390625	
      581.35998535	    42388.53125000	
      581.38800049	    42554.48828125	
      581.41601563	    42556.86718750	
      581.44403076	    42486.57031250	
      581.47198486	    42520.53125000	
      581.50000000	    42530.69921875	
      581.52801514	    42455.32812500	
      581.55603027	    42408.09765625	
      581.58398438	    42368.75000000	
      581.61199951	    42338.55078125	
      581.64001465	    42364.23046875	
      581.66802979	    42354.66015625	
      581.69598389	    42366.48437500	
      581.72399902	    42433.70312500	
      581.75201416	    42472.57031250	
      581.78002930	    42487.67578125	
      581.80798340	    42434.69531250	
      581.83599854	    42415.77734375	
      581.86401367	    42391.50781250	
      581.89202881	    42377.91796875	
      581.91998291	    42411.54687500	
      581.94799805	    42326.09375000	
      581.97601318	    42288.90234375	
      582.00402832	    42304.39062500	
      582.03198242	    42339.07031250	
      582.05999756	    42329.85937500	
      582.08801270	    42298.51562500	
      582.11602783	    42433.45703125	
      582.14398193	    42574.65625000	
      582.17199707	    42476.33593750	
      582.20001221	    42383.91406250	
      582.22802734	    42358.43359375	
      582.25598145	    42247.44921875	
      582.28399658	    42178.38281250	
      582.31201172	    42300.28515625	
      582.34002686	    42312.00390625	
      582.36798096	    42299.01953125	
      582.39599609	    42297.03125000	
      582.42401123	    42364.09765625	
      582.45202637	    42263.60156250	
      582.47998047	    42510.85156250	
      582.50799561	    42561.34765625	
      582.53601074	    42390.26562500	
      582.56402588	    42273.84375000	
      582.59197998	    42253.85156250	
      582.61999512	    42189.89843750	
      582.64801025	    42178.01562500	
      582.67602539	    42208.22656250	
      582.70397949	    42152.80859375	
      582.73199463	    42170.12109375	
      582.76000977	    42294.76171875	
      582.78802490	    42348.03125000	
      582.81597900	    42252.17578125	
      582.84399414	    42353.59765625	
      582.87200928	    42444.58984375	
      582.90002441	    42346.45703125	
      582.92797852	    42367.17578125	
      582.95599365	    42289.29687500	
      582.98400879	    42204.36718750	
      583.01202393	    42161.93359375	
      583.03997803	    42122.49609375	
      583.06799316	    42148.21484375	
      583.09600830	    42178.60546875	
      583.12402344	    42206.21484375	
      583.15197754	    42239.85546875	
      583.17999268	    42276.61718750	
      583.20800781	    42328.53515625	
      583.23602295	    42387.63281250	
      583.26397705	    42403.51953125	
      583.29199219	    42329.85937500	
      583.32000732	    42232.49609375	
      583.34802246	    42279.04687500	
      583.37597656	    42279.61718750	
      583.40399170	    42259.87890625	
      583.43200684	    42180.67968750	
      583.46002197	    42238.83203125	
      583.48797607	    42234.54296875	
      583.51599121	    42222.10546875	
      583.54400635	    42250.77343750	
      583.57202148	    42368.65625000	
      583.59997559	    42365.80859375	
      583.62799072	    42327.61328125	
      583.65600586	    42269.51562500	
      583.68402100	    42268.81250000	
      583.71197510	    42225.52734375	
      583.73999023	    42201.80078125	
      583.76800537	    42264.55468750	
      583.79602051	    42242.70312500	
      583.82397461	    42191.89453125	
      583.85198975	    42222.43750000	
      583.88000488	    42240.31250000	
      583.90802002	    42300.50000000	
      583.93597412	    42626.55078125	
      583.96398926	    42430.38671875	
      583.99200439	    42277.06640625	
      584.02001953	    42249.16015625	
      584.04797363	    42175.89062500	
      584.07598877	    42082.47265625	
      584.10400391	    42138.16015625	
      584.13201904	    42205.76171875	
      584.15997314	    42295.08593750	
      584.18798828	    42247.53125000	
      584.21600342	    42213.80859375	
      584.24401855	    42258.91015625	
      584.27197266	    42275.98046875	
      584.29998779	    42358.17968750	
      584.32800293	    42459.97656250	
      584.35601807	    42413.44140625	
      584.38397217	    42383.07031250	
      584.41198730	    42313.39062500	
      584.44000244	    42234.64843750	
      584.46801758	    42191.89453125	
      584.49597168	    42249.59765625	
      584.52398682	    42279.16406250	
      584.55200195	    42209.81250000	
      584.58001709	    42308.58984375	
      584.60797119	    42229.67968750	
      584.63598633	    42379.91796875	
      584.66400146	    42413.73437500	
      584.69201660	    42399.91796875	
      584.71997070	    42408.07812500	
      584.74798584	    42354.49218750	
      584.77600098	    42285.51562500	
      584.80401611	    42332.51953125	
      584.83203125	    42364.64453125	
      584.85998535	    42303.03515625	
      584.88800049	    42254.75781250	
      584.91601563	    42250.20312500	
      584.94403076	    42300.81640625	
      584.97198486	    42264.38281250	
      585.00000000	    42205.03125000	
      585.02801514	    42396.80468750	
      585.05603027	    42387.35156250	
      585.08398438	    42391.83593750	
      585.11199951	    42260.12500000	
      585.14001465	    42308.66406250	
      585.16802979	    42176.16406250	
      585.19598389	    42118.58984375	
      585.22399902	    42146.71875000	
      585.25201416	    42233.49218750	
      585.28002930	    42256.67968750	
      585.30798340	    42227.82421875	
      585.33599854	    42268.21093750	
      585.36401367	    42405.48828125	
      585.39202881	    42433.73046875	
      585.41998291	    42327.35937500	
      585.44799805	    42253.72656250	
      585.47601318	    42219.01562500	
      585.50402832	    42221.21875000	
      585.53198242	    42183.16406250	
      585.55999756	    42184.92578125	
      585.58801270	    42257.78515625	
      585.61602783	    42218.91796875	
      585.64398193	    42275.50390625	
      585.67199707	    42213.89843750	
      585.70001221	    42312.70703125	
      585.72802734	    42482.76562500	
      585.75598145	    42393.67578125	
      585.78399658	    42318.99218750	
      585.81201172	    42203.07812500	
      585.84002686	    42185.46093750	
      585.86798096	    42178.30468750	
      585.89599609	    42166.08593750	
      585.92401123	    42199.91406250	
      585.95202637	    42219.08203125	
      585.97998047	    42272.40625000	
      586.00799561	    42331.84375000	
      586.03601074	    42318.50781250	
      586.06402588	    42420.21093750	
      586.09197998	    42384.93359375	
      586.11999512	    42311.23437500	
      586.14801025	    42281.90234375	
      586.17602539	    42304.44921875	
      586.20397949	    42249.53125000	
      586.23199463	    42224.10156250	
      586.26000977	    42209.19921875	
      586.28802490	    42269.94140625	
      586.31597900	    42212.48437500	
      586.34399414	    42203.34765625	
      586.37200928	    42221.57031250	
      586.40002441	    42407.01171875	
      586.42797852	    42537.96484375	
      586.45599365	    42462.70312500	
      586.48400879	    42368.76953125	
      586.51202393	    42302.35937500	
      586.53997803	    42217.58593750	
      586.56799316	    42202.38281250	
      586.59600830	    42215.91406250	
      586.62402344	    42184.78125000	
      586.65197754	    42244.44140625	
      586.67999268	    42234.25000000	
      586.70800781	    42250.03125000	
      586.73602295	    42312.74609375	
      586.76397705	    42589.16406250	
      586.79199219	    42452.64843750	
      586.82000732	    42406.57812500	
      586.84802246	    42304.74609375	
      586.87597656	    42291.19140625	
      586.90399170	    42189.40625000	
      586.93200684	    42123.57421875	
      586.96002197	    42214.70703125	
      586.98797607	    42241.20312500	
      587.01599121	    42258.05468750	
      587.04400635	    42232.02734375	
      587.07202148	    42208.01562500	
      587.09997559	    42325.25390625	
      587.12799072	    42413.66406250	
      587.15600586	    42319.04296875	
      587.18402100	    42238.65234375	
      587.21197510	    42199.38671875	
      587.23999023	    42137.30859375	
      587.26800537	    42103.10937500	
      587.29602051	    42093.56640625	
      587.32397461	    42203.21875000	
      587.35198975	    42178.69140625	
      587.38000488	    42204.07031250	
      587.40802002	    42197.49609375	
      587.43597412	    42324.26171875	
      587.46398926	    42391.61328125	
      587.49200439	    42309.67187500	
      587.52001953	    42243.60156250	
      587.54797363	    42208.14062500	
      587.57598877	    42205.67578125	
      587.60400391	    42182.96875000	
      587.63201904	    42164.33593750	
      587.65997314	    42206.64062500	
      587.68798828	    42245.05078125	
      587.71600342	    42211.10546875	
      587.74401855	    42195.21093750	
      587.77197266	    42295.02734375	
      587.79998779	    42422.63281250	
      587.82800293	    42439.47265625	
      587.85601807	    42299.54687500	
      587.88397217	    42323.16406250	
      587.91198730	    42224.81250000	
      587.94000244	    42269.90234375	
      587.96801758	    42208.09375000	
      587.99597168	    42194.06250000	
      588.02398682	    42199.03906250	
      588.05200195	    42256.91796875	
      588.08001709	    42262.01171875	
      588.10797119	    42283.85156250	
      588.13598633	    42287.10156250	
      588.16400146	    42439.74609375	
      588.19201660	    42471.91015625	
      588.21997070	    42361.98046875	
      588.24798584	    42306.62109375	
      588.27600098	    42262.32031250	
      588.30401611	    42226.59375000	
      588.33203125	    42253.05078125	
      588.35998535	    42249.67187500	
      588.38800049	    42228.85546875	
      588.41601563	    42271.73046875	
      588.44403076	    42263.28906250	
      588.47198486	    42391.65625000	
      588.50000000	    42351.74218750	
      588.52801514	    42464.80859375	
      588.55603027	    42404.26562500	
      588.58398438	    42378.20703125	
      588.61199951	    42344.96875000	
      588.64001465	    42302.05468750	
      588.66802979	    42244.77734375	
      588.69598389	    42238.13671875	
      588.72399902	    42173.07812500	
      588.75201416	    42217.29296875	
      588.78002930	    42240.36328125	
      588.80798340	    42243.30859375	
      588.83599854	    42293.16406250	
      588.86401367	    42272.37890625	
      588.89202881	    42312.78515625	
      588.91998291	    42475.17187500	
      588.94799805	    42433.38671875	
      588.97601318	    42386.52343750	
      589.00402832	    42286.60937500	
      589.03198242	    42227.43359375	
      589.05999756	    42146.50000000	
      589.08801270	    42192.96093750	
      589.11602783	    42304.77734375	
      589.14398193	    42255.68359375	
      589.17199707	    42336.39453125	
      589.20001221	    42347.43359375	
      589.22802734	    42304.74218750	
      589.25598145	    42406.90234375	
      589.28399658	    42460.83593750	
      589.31201172	    42362.80078125	
      589.34002686	    42286.91406250	
      589.36798096	    42251.67968750	
      589.39599609	    42232.53515625	
      589.42401123	    42197.86718750	
      589.45202637	    42155.16796875	
      589.47998047	    42146.20312500	
      589.50799561	    42153.89843750	
      589.53601074	    42191.03515625	
      589.56402588	    42175.04687500	
      589.59197998	    42222.68750000	
      589.61999512	    42267.38671875	
      589.64801025	    42493.55468750	
      589.67602539	    42430.99609375	
      589.70397949	    42297.09375000	
      589.73199463	    42222.06250000	
      589.76000977	    42165.68750000	
      589.78802490	    42163.07031250	
      589.81597900	    42201.40234375	
      589.84399414	    42228.21093750	
      589.87200928	    42195.83203125	
      589.90002441	    42207.20703125	
      589.92797852	    42233.46484375	
      589.95599365	    42220.92187500	
      589.98400879	    42241.56250000	
      590.01202393	    42357.78125000	
      590.03997803	    42466.71484375	
      590.06799316	    42467.16796875	
      590.09600830	    42445.33593750	
      590.12402344	    42501.83593750	
      590.15197754	    42656.13281250	
      590.17999268	    43175.10546875	
      590.20800781	    44628.97656250	
      590.23602295	    48199.22656250	
      590.26397705	    58812.46093750	
      590.29199219	    64954.23437500	
      590.32000732	    60324.85546875	
      590.34802246	    47213.76953125	
      590.37597656	    43446.10546875	
      590.40399170	    42709.65234375	
      590.43200684	    42500.88281250	
      590.46002197	    42418.57812500	
      590.48797607	    42358.14453125	
      590.51599121	    42345.69531250	
      590.54400635	    42228.81250000	
      590.57202148	    42192.34765625	
      590.59997559	    42245.61718750	
      590.62799072	    42263.45312500	
      590.65600586	    42292.88281250	
      590.68402100	    42325.04687500	
      590.71197510	    42436.18750000	
      590.73999023	    42720.54296875	
      590.76800537	    42996.17578125	
      590.79602051	    43693.82421875	
      590.82397461	    45990.52734375	
      590.85198975	    53120.14453125	
      590.88000488	    64135.42968750	
      590.90802002	    65762.01562500	
      590.93597412	    49703.21093750	
      590.96398926	    43582.56640625	
      590.99200439	    42561.94140625	
      591.02001953	    42373.33984375	
      591.04797363	    42370.60156250	
      591.07598877	    42399.70312500	
      591.10400391	    42445.02734375	
      591.13201904	    42412.62109375	
      591.15997314	    42439.78906250	
      591.18798828	    42385.72656250	
      591.21600342	    42284.37109375	
      591.24401855	    42234.11718750	
      591.27197266	    42208.56640625	
      591.29998779	    42259.71093750	
      591.32800293	    42255.74218750	
      591.35601807	    42216.91796875	
      591.38397217	    42231.24609375	
      591.41198730	    42275.83593750	
      591.44000244	    42335.37109375	
      591.46801758	    42348.82812500	
      591.49597168	    42323.35156250	
      591.52398682	    42317.32812500	
      591.55200195	    42190.13281250	
      591.58001709	    42290.36328125	
      591.60797119	    42246.09765625	
      591.63598633	    42227.35156250	
      591.66400146	    42185.70312500	
      591.69201660	    42203.57812500	
      591.72003174	    42222.85546875	
      591.74798584	    42258.87500000	
      591.77600098	    42271.31250000	
      591.80401611	    42350.33593750	
      591.83203125	    42393.32421875	
      591.85998535	    42298.66796875	
      591.88800049	    42232.33203125	
      591.91601563	    42243.00390625	
      591.94403076	    42262.71484375	
      591.97198486	    42279.46484375	
      592.00000000	    42245.85937500	
      592.02801514	    42235.90234375	
      592.05603027	    42180.31640625	
      592.08398438	    42273.28906250	
      592.11199951	    42192.10546875	
      592.14001465	    42382.89843750	
      592.16802979	    42501.62109375	
      592.19598389	    42385.88671875	
      592.22399902	    42301.88281250	
      592.25201416	    42275.12890625	
      592.28002930	    42290.52734375	
      592.30798340	    42232.25390625	
      592.33599854	    42239.78125000	
      592.36401367	    42251.95703125	
      592.39202881	    42258.22656250	
      592.41998291	    42245.64062500	
      592.44799805	    42175.73828125	
      592.47601318	    42270.44531250	
      592.50402832	    42392.54687500	
      592.53198242	    42288.93750000	
      592.55999756	    42297.23046875	
      592.58801270	    42276.42578125	
      592.61602783	    42239.23046875	
      592.64398193	    42200.78125000	
      592.67199707	    42132.23828125	
      592.70001221	    42233.38281250	
      592.72802734	    42141.70703125	
      592.75598145	    42256.78515625	
      592.78399658	    42171.27734375	
      592.81201172	    42149.50390625	
      592.84002686	    42475.92968750	
      592.86798096	    42447.57812500	
      592.89599609	    42332.17578125	
      592.92401123	    42299.48046875	
      592.95202637	    42301.63671875	
      592.97998047	    42178.98828125	
      593.00799561	    42144.21875000	
      593.03601074	    42155.19921875	
      593.06402588	    42171.51171875	
      593.09197998	    42222.00781250	
      593.11999512	    42185.70703125	
      593.14801025	    42133.51562500	
      593.17602539	    42275.38281250	
      593.20397949	    42465.72265625	
      593.23199463	    42440.66015625	
      593.26000977	    42268.70312500	
      593.28802490	    42254.78906250	
      593.31597900	    42285.35546875	
      593.34399414	    42198.98046875	
      593.37200928	    42118.23437500	
      593.40002441	    42174.67968750	
      593.42797852	    42117.79296875	
      593.45599365	    42152.37109375	
      593.48400879	    42215.16015625	
      593.51202393	    42155.64843750	
      593.53997803	    42217.65625000	
      593.56799316	    42415.15234375	
      593.59600830	    42417.48828125	
      593.62402344	    42319.32421875	
      593.65197754	    42214.15234375	
      593.67999268	    42204.20312500	
      593.70800781	    42175.55859375	
      593.73602295	    42107.69531250	
      593.76397705	    42113.51562500	
      593.79199219	    42081.83593750	
      593.82000732	    42082.79687500	
      593.84802246	    42198.48828125	
      593.87597656	    42159.67968750	
      593.90399170	    42192.03515625	
      593.93200684	    42329.67578125	
      593.96002197	    42377.93750000	
      593.98797607	    42313.34765625	
      594.01599121	    42198.88671875	
      594.04400635	    42139.05468750	
      594.07202148	    42063.29687500	
      594.09997559	    42059.48437500	
      594.12799072	    42103.30078125	
      594.15600586	    42046.93359375	
      594.18402100	    42124.37109375	
      594.21197510	    42177.03906250	
      594.23999023	    42103.41796875	
      594.26800537	    42107.41406250	
      594.29602051	    42286.70703125	
      594.32397461	    42353.73828125	
      594.35198975	    42275.99609375	
      594.38000488	    42211.37109375	
      594.40802002	    42153.64062500	
      594.43597412	    42166.18359375	
      594.46398926	    42218.64453125	
      594.49200439	    42132.98828125	
      594.52001953	    42122.59375000	
      594.54797363	    42218.55078125	
      594.57598877	    42255.32031250	
      594.60400391	    42181.69921875	
      594.63201904	    42169.81640625	
      594.65997314	    42202.96484375	
      594.68798828	    42423.19140625	
      594.71600342	    42306.02343750	
      594.74401855	    42209.12500000	
      594.77197266	    42240.01171875	
      594.79998779	    42241.74609375	
      594.82800293	    42078.88281250	
      594.85601807	    42097.27734375	
      594.88397217	    42198.22265625	
      594.91198730	    42290.76953125	
      594.94000244	    42276.16015625	
      594.96801758	    42234.60937500	
      594.99597168	    42162.49218750	
      595.02398682	    42232.65234375	
      595.05200195	    42384.68359375	
      595.08001709	    42299.70703125	
      595.10797119	    42214.98437500	
      595.13598633	    42169.05078125	
      595.16400146	    42161.86718750	
      595.19201660	    42050.81250000	
      595.22003174	    42098.71875000	
      595.24798584	    42120.94921875	
      595.27600098	    42110.37109375	
      595.30401611	    42163.58203125	
      595.33203125	    42116.89453125	
      595.35998535	    42207.74218750	
      595.38800049	    42521.19921875	
      595.41601563	    42391.97656250	
      595.44403076	    42295.98046875	
      595.47198486	    42262.47265625	
      595.50000000	    42172.96875000	
      595.52801514	    42085.94140625	
      595.55603027	    42097.84765625	
      595.58398438	    42152.18750000	
      595.61199951	    42150.30468750	
      595.64001465	    42138.84765625	
      595.66802979	    42182.63671875	
      595.69598389	    42191.86718750	
      595.72399902	    42227.73046875	
      595.75201416	    42330.85156250	
      595.78002930	    42260.96484375	
      595.80798340	    42219.00781250	
      595.83599854	    42183.55859375	
      595.86401367	    42183.08984375	
      595.89202881	    42185.64062500	
      595.91998291	    42192.39453125	
      595.94799805	    42081.52734375	
      595.97601318	    42159.99609375	
      596.00402832	    42180.12500000	
      596.03198242	    42138.69531250	
      596.05999756	    42192.85156250	
      596.08801270	    42374.53515625	
      596.11602783	    42359.01562500	
      596.14398193	    42358.92578125	
      596.17199707	    42297.55468750	
      596.20001221	    42228.58984375	
      596.22802734	    42217.73046875	
      596.25598145	    42181.02343750	
      596.28399658	    42164.97656250	
      596.31201172	    42198.96484375	
      596.34002686	    42218.57031250	
      596.36798096	    42202.80078125	
      596.39599609	    42188.03515625	
      596.42401123	    42254.66015625	
      596.45202637	    42419.76562500	
      596.47998047	    42517.03125000	
      596.50799561	    42371.03515625	
      596.53601074	    42249.15625000	
      596.56402588	    42204.47265625	
      596.59197998	    42254.46875000	
      596.61999512	    42105.58984375	
      596.64801025	    42116.63281250	
      596.67602539	    42151.58593750	
      596.70397949	    42131.26953125	
      596.73199463	    42215.51953125	
      596.76000977	    42295.54687500	
      596.78802490	    42251.19140625	
      596.81597900	    42428.33593750	
      596.84399414	    42401.95312500	
      596.87200928	    42359.59765625	
      596.90002441	    42319.43359375	
      596.92797852	    42253.52343750	
      596.95599365	    42208.03906250	
      596.98400879	    42203.62109375	
      597.01202393	    42161.87500000	
      597.03997803	    42129.15625000	
      597.06799316	    42181.60156250	
      597.09600830	    42169.83203125	
      597.12402344	    42119.39062500	
      597.15197754	    42176.24609375	
      597.17999268	    42346.67578125	
      597.20800781	    42234.14062500	
      597.23602295	    42248.91796875	
      597.26397705	    42233.44531250	
      597.29199219	    42115.83203125	
      597.32000732	    42148.42968750	
      597.34802246	    42095.23828125	
      597.37597656	    42233.36718750	
      597.40399170	    42171.02734375	
      597.43200684	    42183.19921875	
      597.46002197	    42164.95703125	
      597.48797607	    42176.61718750	
      597.51599121	    42137.34375000	
      597.54400635	    42280.41796875	
      597.57202148	    42291.24218750	
      597.59997559	    42277.47656250	
      597.62799072	    42307.73046875	
      597.65600586	    42237.96484375	
      597.68402100	    42133.65234375	
      597.71197510	    42110.67187500	
      597.73999023	    42134.61718750	
      597.76800537	    42114.21484375	
      597.79602051	    42076.06640625	
      597.82397461	    42148.24609375	
      597.85198975	    42146.60156250	
      597.88000488	    42172.88281250	
      597.90802002	    42383.76953125	
      597.93597412	    42313.56250000	
      597.96398926	    42202.42968750	
      597.99200439	    42158.68359375	
      598.02001953	    42196.82812500	
      598.04797363	    42151.81250000	
      598.07598877	    42081.16796875	
      598.10400391	    42120.10937500	
      598.13201904	    42090.44140625	
      598.15997314	    42140.37109375	
      598.18798828	    42157.44921875	
      598.21600342	    42366.54687500	
      598.24401855	    42435.24218750	
      598.27197266	    42297.17187500	
      598.29998779	    42187.14062500	
      598.32800293	    42187.93750000	
      598.35601807	    42154.77734375	
      598.38397217	    42049.10937500	
      598.41198730	    42056.66015625	
      598.44000244	    42125.85156250	
      598.46801758	    42114.27343750	
      598.49597168	    42169.48828125	
      598.52398682	    42102.49218750	
      598.55200195	    42127.94921875	
      598.58001709	    42432.50390625	
      598.60797119	    42294.85546875	
      598.63598633	    42200.98437500	
      598.66400146	    42193.72656250	
      598.69201660	    42197.17968750	
      598.72003174	    42108.58593750	
      598.74798584	    42097.83203125	
      598.77600098	    42190.76562500	
      598.80401611	    42193.00781250	
      598.83203125	    42213.21875000	
      598.85998535	    42239.53906250	
      598.88800049	    42248.21093750	
      598.91601563	    42249.60937500	
      598.94403076	    42380.16015625	
      598.97198486	    42377.38281250	
      599.00000000	    42315.22265625	
      599.02801514	    42224.83984375	
      599.05603027	    42149.14062500	
      599.08398438	    42154.96093750	
      599.11199951	    42146.60937500	
      599.14001465	    42143.39843750	
      599.16802979	    42182.74218750	
      599.19598389	    42172.27343750	
      599.22399902	    42152.78906250	
      599.25201416	    42144.43359375	
      599.28002930	    42169.17968750	
      599.30798340	    42412.89843750	
      599.33599854	    42349.08203125	
      599.36401367	    42308.80859375	
      599.39202881	    42194.44921875	
      599.41998291	    42181.06640625	
      599.44799805	    42148.12109375	
      599.47601318	    42081.50781250	
      599.50402832	    42118.31640625	
      599.53198242	    42241.65625000	
      599.55999756	    42294.94921875	
      599.58801270	    42264.53515625	
      599.61602783	    42216.82812500	
      599.64398193	    42240.76171875	
      599.67199707	    42359.26953125	
      599.70001221	    42359.37109375	
      599.72802734	    42239.26953125	
      599.75598145	    42226.57812500	
      599.78399658	    42204.54296875	
      599.81201172	    42108.89453125	
      599.84002686	    42099.55078125	
      599.86798096	    42144.80078125	
      599.89599609	    42194.64453125	
      599.92401123	    42135.94531250	
      599.95202637	    42108.33984375	
      599.97998047	    42189.29296875	
